knock
 112 115 114 97
reee
 97 114 119 97 114 119 97 114 119 97 120 118 97
ree
 97 120 118 97 112 112 117 97 112 112 120 97 120 118 97 112 112 117 97 112 112 120 97 120 118 97 112 112 117 97 112 112 120 97 120 118 97 112 115 113 97 112 112 121 97 120 118 97
doc1
 97 120 118 97 112 115 113 97 112 112 121 97 120 118 97 112 112 115 97 112 112 115 97 112 112 116 97 120 118 97 112 112 115 97 112 112 115 97 112 112 116 97 120 118 97 112 112 115 97 112 112 115 97 112 112 119 97 120 118 97 112 115 113 97 112 112 121 97 120 118 97 112 112 115 97 112 112 115 97 112 112 116 97 120 118 97 112 112 115 97 112 112 115 97 112 112 116 97 120 118 97 112 112 115 97 112 112 115 97 112 112 120 97 120 118 97 112 115 113 97 112 112 121 97 120 118 97 112 112 115 97 112 112 115 97 112 112 116 97 120 118 97 112 112 115 97 112 112 115 97 112 112 116 97 120 118 97 112 112 115 97 112 112 115 97 112 112 121 97 120 118 97 112 115 113 97 112 112 121 97 120 118 97 112 112 115 97 112 112 116 97 112 112 114 97 120 118 97 112 112 115 97 112 112 115 97 112 115 112 97 120 118 97 112 115 113 97 112 112 121 97 120 118 97
teste
 97 120 118 97 112 115 113 97 112 112 121 97 120 118 97 112 112 115 97 112 112 116 97 112 112 114 97 120 118 97 112 112 115 97 112 112 115 97 112 115 112 97 120 118 97 112 115 113 97 112 112 121 97 120 118 97 112 112 115 97 112 112 115 97 112 112 116 97 120 118 97 112 112 115 97 112 112 115 97 112 112 116 97 120 118 97 112 112 115 97 112 112 115 97 112 112 119 97 120 118 97 112 115 113 97 112 112 121 97 120 118 97 112 112 115 97 112 112 115 97 112 112 116 97 120 118 97 112 112 115 97 112 112 115 97 112 112 116 97 120 118 97 112 112 115 97 112 112 115 97 112 112 119 97 120 118 97 112 115 113 97 112 112 121 97 120 118 97 112 112 115 97 112 112 115 97 112 112 116 97 120 118 97 112 112 115 97 112 112 115 97 112 112 116 97 120 118 97 112 112 115 97 112 112 115 97 112 112 120 97 120 118 97 112 115 113 97 112 112 121 97 120 118 97 112 112 115 97 112 112 116 97 112 112 114 97 120 118 97 112 112 115 97 112 112 115 97 112 115 112 97 120 118 97 112 115 113 97 112 112 121 97 120 118 97 112 112 115 97 112 112 115 97 112 112 116 97 120 118 97 112 112 115 97 112 112 115 97 112 112 116 97 120 118 97 112 112 115 97 112 112 115 97 112 112 119 97 120 118 97 112 115 113 97 112 112 121 97 120 118 97 112 112 115 97 112 112 115 97 112 112 116 97 120 118 97 112 112 115 97 112 112 115 97 112 112 116 97 120 118 97 112 112 115 97 112 112 115 97 112 112 119 97 120 118 97 112 115 113 97 112 112 121 97 120 118 97 112 112 115 97 112 112 115 97 112 112 116 97 120 118 97 112 112 115 97 112 112 115 97 112 112 116 97 120 118 97 112 112 115 97 112 112 115 97 112 115 113 97 120 118 97 112 115 113 97 112 112 121 97 120 118 97 112 112 115 97 112 112 116 97 112 112 114 97 120 118 97 112 112 115 97 112 112 115 97 112 115 112 97 120 118 97 112 115 113 97 112 112 121 97 120 118 97 112 112 115 97 112 112 115 97 112 112 116 97 120 118 97 112 112 115 97 112 112 115 97 112 112 116 97 120 118 97 112 112 115 97 112 112 115 97 112 112 119 97 120 118 97 112 115 113 97 112 112 121 97 120 118 97 112 112 115 97 112 112 115 97 112 112 116 97 120 118 97 112 112 115 97 112 112 115 97 112 112 116 97 120 118 97 112 112 115 97 112 112 115 97 112 112 119 97 120 118 97 112 115 113 97 112 112 121 97 120 118 97 112 112 115 97 112 112 115 97 112 112 116 97 120 118 97 112 112 115 97 112 112 115 97 112 112 116 97 120 118 97 112 112 115 97 112 112 115 97 112 115 112 97 120 118 97 112 115 113 97 112 112 121 97 120 118 97 112 112 115 97 112 112 116 97 112 112 114 97 120 118 97 112 112 115 97 112 112 115 97 112 115 112 97 120 118 97 112 115 113 97 112 112 121 97 120 118 97 112 112 115 97 112 112 115 97 112 112 116 97 120 118 97 112 112 115 97 112 112 115 97 112 112 119 97 120 118 97 112 112 115 97 112 112 115 97 112 112 117 97 120 118 97 112 115 113 97 112 112 121 97 120 118 97 112 112 115 97 112 112 115 97 112 112 116 97 120 118 97 112 112 115 97 112 112 115 97 112 112 116 97 120 118 97 112 112 115 97 112 112 116 97 112 112 115 97 120 118 97 112 115 113 97 112 112 121 97 120 118 97 112 112 115 97 112 112 116 97 112 112 114 97 120 118 97 112 112 115 97 112 112 115 97 112 115 112 97 120 118 97 112 115 113 97 112 112 121 97 120 118 97
